4333414221221424234341444233431132113244424112321232414414123242221311122333323323324222234142112122
1442121314114141342422343341121342212134412132324134144313312323144124441141232213313112224414121341
3314412211312411124312423134233132234421111241432244234213431223331223421134333422344311313441242332
1143442111122434144334142323314212413244122112231233324233214442222142112434223114413244243322134433
1143443423341321432433343411222241432341322422113412332414421424112342212431113444224231422112323114
4242234231321111244313421243311144234423343343233131334131234324422433334211243324222214434214323233
4334231422243321322144224343121443444332144322123143334332343324344444331331441343433112141223443222
2231211322321142421314234121432442134432332132323231431342444132123212141314124333334134442241413243
1123443132231322141213131441111233323424313114411442341143311442221244124434444143331143423434421131
3324143441144333413243312232314313223323423442144333423331142144424311234323244131214222421322142231
4124334221324224422424243311231314442131334323312434124113414234224241133433442242243223131442223443
3341244322232332141131143123342331214423444314123312244321421422242343313132433343411111112423222242
3423142141132241431321322431334211243141124322341312134411311134132333113424112421132223414212423114
3214123212442444331134142441314133343342344224341332321221412234212122132333331141411241112144122412
1413141331124312111342131323442131342214422141242443124324111314313321331234332211331313233214214214
1243444131443312234142414433413432323113334433121321442144142432224241213323113131122123421231214143
1422322421232123231222222121322233442431111222231323433443241412123343332411214112242321414122411213
4313221323413314132424314313132131433442432344441134113431443331142311414143131341413142311433414214
4112432123221112331412134234332432212421332132112313113313132234244212232232414234211232321241213322
3412231323213223214142431422111112311124324221423142322231422132234133424131214343311411113242322212
1122442233212421421424222432331122244313311444344434212442332421342312222233211212142121441141343211
4332211323333224232212441214212122314424144242444222324112323344421134411214332311132211323442332413
1121131311443142422141411234234341423441132224131442123434112442441113223433313212322114111433323222
4324212114441113241423312233444314234321431331311134311212244121111111233311222114124443233423231211
1244221443144444413414332322112211233334213321231442231144423343342131131134212232244333131112411213
4224143221211114431233443141314323224324442333313242341321224213321324312322434334333231123231134311
1343322133133334342314443221211112133433423341112212443321323214233332442444244431123241322142222414
4411433313133333233132343121423121312111413433114411341314233421442123432311111134112423422421312122
4343122343343432123243331412414342323143223113414441322233142412343434123223213344243141132444444441
1442332243222242243123122233142321412443141132323343434122411443311244131212413412424133411332313314
4414433142222324321424314141321233222413123121421241224113421423222142433341341421323232334221421213
1334442123444232312112422223122134414413121114334121422313314412112411132122212442142412333223142344
1213344143134331121441312434334323111442443244343214422243313422212342432134222232442232342221213233
2241321122333113333121323332332241111322223242333213222343224141131424443312311222421422244413121231
4241342412311222224343432333321134222343222213212324214123343221414443214412442322323112111424424313
4231321444322421241212334112314222222231412343334122443423111332212332434241234421414113111333122111
4224424142424142124322323431223321331432124423413414113314212141234321312431123421144211114234444121
4444122113413442234331111342134241434344322311142221144114144141243242343314141422323111441411234423
2234212234321332211111434443214414341112332123331414231413443221414314323234424223141321441411411421
4443422411344142442121231212424114244313142121244414131132314221134231121142443333222314134434244314
2323141211433334314444142211242242111343434221133334423413141443231241322222222324323241244233322221
1414114111222442312321241441222332131133432324212243213414133442334134332413434344244132444224223443
2111323421124441134334323134413231134224312431213121414323114144232433442214214131344111334334244211
1111114431432341431434442432213212132331322321134434122123111213444243441444142211341142311142113141
1321121143244221133433343424411321321133423231134343424311314141212413441432231212141131343341433444
3141133342341313131213411231422112311142413133122444141414221324132314243414224112124112433323131121
1434413144312421233322334144331123444221212221142221244311312322311132231421322423431312414132343124
1343223121223223244324234113333433414144211141341413244414412414141114331222324242244324214323341114
1242412441431312412112432341423432231143343323314214334221234123141322211332414424214213442234422332
4241344122124424244223411343341142111224241312323142244422111124121433243343342432434142131131112133
1433213342333313311113431224433121341342132143331131424313421132422324224234331234341231333331114212
1323221214322241311412314312324341222424332212133312112222323144112322333212444441434124343134244132
3422223334131242313333413323314442431312141312211422423313121332432231113241424142142332213144322214
2423434433134432112431313323314314311311311132424313314212143123341222232231341334113111234443424331
2243321123222234322213241433443123124444222422141421143124441143321242241111142444121422131414211442
1431311331311414312322143432122223421124414334424142421323122431244334423411434321422223332222233444
3221441421243434123331111222242121211144242211143111123324111144331134214424132222421112113121344441
4141443434334243344434344134444441434113113441241423341224133332342241413112334333321333242231111223
3142412412133424123121211441414332313332211231134334333232124211224214114123141333244323134414314334
4312442442422343413312242213323134144234442134121412214332442311134411323111314314311314132241232434
2324413332133431343224124414423244413234411133434332322114344214132242131144131214323114132132422131
4211444434142433324132341244141111124334411213441223233141323122134124444143112123343233342314321342
4321423344241422241444414443424344142144111124222244221312134332421311212324421312432441131233441423
4223434121312134233244422331142211133324222121342332431331431111144432214324133422212413242111313432
2323413221321224141234341422223423124444424342432233211412343223341343334112123142431334421444312421
4141221422312212232343143413234244424213422431432212243342112144324124211222413444332231441123224342
3324111224421342414212132422334321333132314421243121424443231412241133324314442414311131331121123422
2413122213111331341432413432213233313331431122132322114413331341131312413113133314334211121244314432
2411331314242221334121344431343344444111141411114113243312244342143142331233112444244431143223441334
3441241134414143143212444331322134432142133412422222124244223234134323444244412434222114212212431221
4431224233133431324323141321241233413134211141111133223231424421144422312123313422434432224333321233
1441142443412314331112212112243243213111114244214241214141141222224321424311112333113441324123411231
1144314114242431422133144243321443414412234312131313242112313141433441231242421422223214111124441312
2134212131342133213333223321143344341323222434133112232234312111424244422211132332344413141311114442
2243322414431131411224324232114434321232233333112124233141313224324343414312142421434432412224212242
3241121411211433224232332413323344142122114344233123122332324132233124144441431221311321232133142131
1213211324133143313141124431314132212234343311142322344431333144112412433123121231433411333234131141
4332123223131312112212333433141112233422134134223224313323423432331143222442314113422113144141121323
2243124112141432421443433111342424132313144341343333433323122441213134432243331423212121143334224122
1312134141222122222322312213331214321132211214232334234144314141123142143442224414221241313133212344
4234324113241412322414434143111331124413221121222442312131233224313323223123221413211144314311222422
1444431221233114321122441422333142144444342243243241313414141123424422132214233323323123344244144134
4323443321232131212144411344113143434233431444312431442231423331133341214234413323112434233134423111
3241423323111133114312343133444133314313344231313411431114324114441211123132423412144242314412422124
3144333223243431341341141312344234232243444334343412233442234113324342333344332333332441244223414232
2422144134222112424242344311414113444411322132421422434213124344141334123414224112334112312234231443
3123433421134311114144341424141323242333113241444324231113323332123411323432142434424141434433412433
1422341443241231421414421313144332231213241214143333411341423433443414224433324234124343242121331341
4232141241322234413343413431321142244313213143143111241132132211112342132143234411343141144423213333
4234122313311214111142431211321414232213324444432342212321434222412343142242443431122434333411121331
2442342432114424241114331323342323234224341342413413412111424121332342444232444232224214114422321433
3424112142224123241132424144342243432214431413241411421434442423212133323413412133444234433133133141
3312441224112212344321121242113134411113232331111311323413112414432144423114141243143134333134441331
4322111113234132242331341124433244222214434434122232113242344414422221142414132144242141344124334443
2423244142434334231442111232212422221211123313144444314322224342333431421324321113132344322423432124
4412342231331333412314222111132312224242433244132213344444113341314412312324331133124434141432142121
3423321143344143143114333112423443411132233442344123311324134223232231433231141122131412431431123322
1424422321432414141143424212434341444343224232443223442422312332214434142332314112442432242313142433
4242322313434324412433131233434143443121223234211412133124234223333441443334213334324421142444112434
4234421214221312343332134141421442431311314214411223242241321214341234133311412324324422211431433431
